%YAML:1.0
---
aruco_bc_dict: ARUCO_MIP_36h12
aruco_bc_nmarkers: 6
aruco_bc_mInfoType: 1
aruco_bc_markers:
   - { id:161, corners:[ [ -1.0549999773502350e-01,
       -5.2749998867511749e-02, 0. ], [ 0., -5.2749998867511749e-02, 0. ],
       [ 0., -1.5824998915195465e-01, 0. ], [ -1.0549999773502350e-01,
       -1.5824998915195465e-01, 0. ] ] }
   - { id:227, corners:[ [ 2.1099999547004700e-02,
       -5.2749998867511749e-02, 0. ], [ 1.2659999728202820e-01,
       -5.2749998867511749e-02, 0. ], [ 1.2659999728202820e-01,
       -1.5824998915195465e-01, 0. ], [ 2.1099999547004700e-02,
       -1.5824998915195465e-01, 0. ] ] }
   - { id:85, corners:[ [ -1.0549999773502350e-01,
       7.3849998414516449e-02, 0. ], [ 0., 7.3849998414516449e-02, 0. ],
       [ 0., -3.1649999320507050e-02, 0. ], [ -1.0549999773502350e-01,
       -3.1649999320507050e-02, 0. ] ] }
   - { id:166, corners:[ [ 2.1099999547004700e-02,
       7.3849998414516449e-02, 0. ], [ 1.2659999728202820e-01,
       7.3849998414516449e-02, 0. ], [ 1.2659999728202820e-01,
       -3.1649999320507050e-02, 0. ], [ 2.1099999547004700e-02,
       -3.1649999320507050e-02, 0. ] ] }
   - { id:244, corners:[ [ -1.0549999773502350e-01,
       2.0044998824596405e-01, 0. ], [ 0., 2.0044998824596405e-01, 0. ],
       [ 0., 9.4949997961521149e-02, 0. ], [ -1.0549999773502350e-01,
       9.4949997961521149e-02, 0. ] ] }
   - { id:144, corners:[ [ 2.1099999547004700e-02,
       2.0044998824596405e-01, 0. ], [ 1.2659999728202820e-01,
       2.0044998824596405e-01, 0. ], [ 1.2659999728202820e-01,
       9.4949997961521149e-02, 0. ], [ 2.1099999547004700e-02,
       9.4949997961521149e-02, 0. ] ] }
