%YAML:1.0
---
image_width: 640
image_height: 480
camera_matrix: !!opencv-matrix
   rows: 3
   cols: 3
   dt: d
   data: [ 5.2936395222540011e+02, 0., 3.1177138169971676e+02, 0.,
       5.2747582868494271e+02, 2.3063305417732991e+02, 0., 0., 1. ]
distortion_coefficients: !!opencv-matrix
   rows: 1
   cols: 5
   dt: d
   data: [ 3.7329442422033891e-02, -4.7341727622885421e-01,
       -6.1542766999325097e-03, -4.0745696205947094e-03,
       9.7521433233948673e-01 ]
